0 0.570861 0.776975 0.0828839 0.192621
0 0.48501 0.785447 0.0853952 0.208245
0 0.144754 0.788237 0.0840054 0.210451
0 0.314758 0.785618 0.0776849 0.20796
0 0.399817 0.786968 0.0815867 0.208467
0 0.632648 0.776622 0.0406271 0.187841
0 0.916918 0.792898 0.0907284 0.217286
0 0.230691 0.787021 0.0817013 0.209896
0 0.0597445 0.78686 0.0831889 0.208038
0 0.842367 0.777865 0.0430908 0.193399
0 0.982938 0.793791 0.0339343 0.21442
0 0.686913 0.777332 0.0632766 0.183828
0 0.795872 0.776926 0.0442829 0.187512
0 0.678454 0.77677 0.0438993 0.184672
0 0.74975 0.776522 0.044008 0.184806
0 0.492865 0.577782 0.0585042 0.15609
0 0.367007 0.577714 0.0601144 0.154165
0 0.240484 0.580283 0.0584118 0.154068
0 0.615578 0.579817 0.057295 0.155746
1 0.931949 0.579087 0.0620034 0.159343
1 0.553708 0.577101 0.0606472 0.156867
1 0.802537 0.579645 0.0591322 0.151622
0 0.302526 0.577898 0.0597807 0.152304
1 0.30343 0.578917 0.0585394 0.153111
0 0.428173 0.576918 0.0606171 0.154338
1 0.493016 0.577829 0.0581706 0.155604
1 0.0522996 0.57999 0.0609048 0.154154
1 0.740262 0.579785 0.0604363 0.15109
1 0.367415 0.579109 0.0611672 0.153256
1 0.429515 0.577905 0.0585569 0.156183
0 0.176412 0.579033 0.0616337 0.155158
11 0.268104 0.229698 0.0694419 0.0783774
0 0.740764 0.579418 0.0598219 0.152417
0 0.114756 0.577091 0.0586523 0.158616
11 0.895724 0.249876 0.082526 0.0842325
0 0.677619 0.57858 0.059117 0.152846
1 0.678296 0.579528 0.0581205 0.1535
0 0.00764971 0.784519 0.0152994 0.2088
11 0.927002 0.244906 0.145996 0.0829282
0 0.0529515 0.578906 0.0602723 0.156024
1 0.983499 0.577444 0.0330017 0.162366
0 0.00965949 0.579065 0.019319 0.156886
0 0.00700924 0.583833 0.0139273 0.164176
0 0.698724 0.774469 0.0481711 0.180239
0 0.867034 0.581043 0.0580385 0.151261
0 0.755342 0.787461 0.0373919 0.169983
0 0.297791 0.787237 0.0431261 0.2124
0 0.930816 0.579103 0.0640185 0.154948
0 0.709744 0.774774 0.0265506 0.181296
1 0.0087315 0.580572 0.017463 0.157532
0 0.796752 0.791821 0.0358331 0.169532
