0 0.571604 0.775835 0.0834309 0.191157
0 0.486078 0.787808 0.0815786 0.207188
0 0.399704 0.788297 0.0830053 0.209151
0 0.634737 0.776466 0.0382012 0.187981
0 0.842224 0.777558 0.0410528 0.194242
0 0.315011 0.788411 0.0795364 0.208702
0 0.241767 0.580166 0.0583954 0.156986
0 0.145212 0.788573 0.082604 0.209907
0 0.920508 0.797165 0.0856024 0.212165
0 0.679016 0.578576 0.0579562 0.153486
0 0.615098 0.579254 0.0578841 0.15758
0 0.795835 0.776836 0.0402007 0.189677
0 0.677144 0.7769 0.0390724 0.182692
0 0.222305 0.789055 0.0664134 0.20985
0 0.740972 0.579052 0.0589794 0.152508
0 0.0690833 0.786247 0.0640663 0.211204
0 0.750105 0.778023 0.0411869 0.186409
0 0.366696 0.578018 0.0606843 0.156751
0 0.0561059 0.786069 0.0805739 0.211918
0 0.49178 0.578644 0.0591419 0.157001
0 0.303501 0.577877 0.058479 0.156396
0 0.255905 0.787152 0.0299039 0.21131
0 0.429312 0.576909 0.0577475 0.156487
0 0.983708 0.798759 0.0325748 0.20413
0 0.555217 0.577719 0.0579813 0.15627
0 0.178423 0.579637 0.060423 0.155327
0 0.708388 0.777584 0.0233904 0.181424
0 0.300112 0.786881 0.050266 0.211692
0 0.00738816 0.788991 0.0147763 0.209895
0 0.114737 0.577966 0.0587791 0.1576
0 0.866047 0.579079 0.0590713 0.151867
11 0.929333 0.238508 0.14132 0.100477
0 0.236399 0.78717 0.0686859 0.211418
11 0.267528 0.230618 0.0712188 0.0771287
0 0.84963 0.778312 0.0363247 0.195738
0 0.00937792 0.577597 0.0187558 0.152943
0 0.0530769 0.577129 0.0588681 0.155567
